0000001750
0000001800
0000002488
0000002809
0000002969
0000003453
0000004127
0000004281
0000004904
0000004962
0000005272
0000005513
0000006201
0000006281
0000006951
0000007084
0000007536
0000007789
0000008670
0000008818
0000008858
0000008947
0000009092
0000009326
0000010456
0000010795
0000012659
0000012927
0000014272
0000014930
0000016040
0000016058
0000016160
0000016732
0000016868
0000017843
0000018230
0000019584
0000019617
0000021076
0000021175
0000021665
0000022444
0000023217
0000024741
0000025232
0000026172
0000026324
0000027419
0000027904
0000029002
0000029534
0000029644
0000029905
0000029989
0000030625
0000031462
0000032604
0000033185
0000033213
0000034903
0000035527
0000036104
0000036270
0000036966
0000037808
0000038725
0000038777
0000039263
0000039911
0000040211
0000040533
0000040545
0000040704
0000042888
0000045012
0000046080
0000046765
0000047217
0000048898
0000049071
0000049196
0000049600
0000049826
0000049938
0000050725
0000050863
0000051143
0000052827
0000052988
0000055785
0000056047
0000056679
0000056873
0000056978
0000059478
0000059527
0000059558
0000060086
0000060519
0000060667
0000062709
0000062996
0000063276
0000063908
0000064040
0000064803
0000064996
0000065984
0000066570
0000066740
0000067215
0000067347
0000067716
0000068505
0000070145
0000070318
0000072331
0000072741
0000072971
0000073124
0000073756
0000074208
0000074260
0000075362
0000076334
0000077360
0000077476
0000078150
0000079282
0000079879
0000080424
0000080661
0000084246
0000084839
0000085535
0000085961
0000086312
0000087347
0000088121
0000088941
0000089089
0000089800
0000090896
0000091419
0000091440
0000091767
0000092122
0000092230
0000092380
0000093410
0000093751
0000096021
0000096223
0000097216
0000097476
0000097745
0000098222
0000098362
0000100517
0000100591
0000100885
0000101829
0000103379
0000104169
0000105770
0000106040
0000106535
0000107815
0000108312
0000109198
0000109380
0000109563
0000110621
0000200406
0000202058
0000216228
0000217346
0000217410
0000230557
0000275880
0000277135
0000277509
0000277948
0000278166
0000310142
0000310158
0000310522
0000310764
0000311337
0000312069
0000312070
0000313143
0000313216
0000313616
0000313927
0000314808
0000315189
0000315213
0000315293
0000316709
0000318154
0000319201
0000320193
0000320335
0000350698
0000350894
0000352541
0000354190
0000354950
0000355811
0000356309
0000701818
0000702165
0000703351
0000704532
0000707179
0000707549
0000711404
0000713676
0000717423
0000717605
0000719413
0000719955
0000720005
0000721371
0000723125
0000723254
0000723531
0000723612
0000726958
0000729986
0000730263
0000730464
0000731802
0000732712
0000732717
0000737758
0000740260
0000749098
0000749251
0000750577
0000751364
0000753308
0000756894
0000759944
0000760498
0000764065
0000764180
0000764478
0000765880
0000766421
0000766704
0000769397
0000771992
0000772406
0000773840
0000775158
0000779152
0000780571
0000783325
0000784977
0000785161
0000785786
0000789019
0000789570
0000790051
0000793733
0000794170
0000794367
0000796343
0000797468
0000797721
0000798354
0000799292
0000802481
0000804328
0000806968
0000811156
0000812011
0000813672
0000814547
0000815097
0000815556
0000817720
0000818686
0000820027
0000820313
0000820318
0000821189
0000822416
0000822818
0000823768
0000827052
0000827054
0000829224
0000831001
0000831259
0000831641
0000832101
0000832988
0000833079
0000833444
0000840489
0000842023
0000842162
0000842180
0000844551
0000845982
0000849395
0000849399
0000849869
0000851205
0000853816
0000855658
0000857005
0000857855
0000858446
0000858877
0000860413
0000860546
0000860730
0000861459
0000861842
0000863064
0000865752
0000866291
0000866374
0000866706
0000866787
0000868671
0000868675
0000868857
0000874716
0000874866
0000875045
0000875320
0000875357
0000877212
0000879101
0000879169
0000879407
0000879764
0000880266
0000882095
0000882184
0000883241
0000883984
0000884614
0000884887
0000885550
0000885725
0000886128
0000886977
0000886982
0000887153
0000887225
0000887343
0000888491
0000888746
0000889132
0000889331
0000889900
0000891478
0000892450
0000893538
0000895126
0000895417
0000895421
0000895728
0000896622
0000897723
0000898174
0000898293
0000899051
0000899689
0000899715
0000900075
0000904851
0000906107
0000906163
0000906345
0000908255
0000908937
0000909327
0000909832
0000910073
0000910108
0000910521
0000910606
0000912093
0000912595
0000912615
0000912766
0000912767
0000912958
0000913059
0000913142
0000913144
0000913290
0000913760
0000914208
0000914475
0000915389
0000915913
0000916365
0000917251
0000917273
0000918608
0000918646
0000920522
0000921638
0000921825
0000922224
0000924613
0000924805
0000927003
0000927066
0000927628
0000927653
0000928876
0000929008
0000929869
0000930157
0000931427
0000932696
0000932787
0000935703
0000936340
0000936395
0000936468
0000937966
0000938323
0000939767
0000940944
0000941221
0000943452
0000943819
0000946581
0001000184
0001001290
0001002047
0001002242
0001002638
0001002910
0001003078
0001003935
0001004434
0001004980
0001009001
0001013131
0001013237
0001013857
0001013871
0001014473
0001015650
0001015820
0001015922
0001017413
0001018724
0001018840
0001018963
0001020569
0001021635
0001021860
0001022079
0001024478
0001025378
0001025996
0001026214
0001027552
0001027664
0001031296
0001032033
0001032975
0001033767
0001034670
0001035267
0001035443
0001035983
0001037646
0001037868
0001037976
0001038074
0001039399
0001039765
0001040829
0001040971
0001041792
0001041803
0001042046
0001043219
0001043277
0001045609
0001046179
0001046257
0001046311
0001047127
0001047716
0001047862
0001048268
0001048286
0001048695
0001048911
0001049521
0001050140
0001056696
0001057877
0001058090
0001058290
0001059556
0001060391
0001060955
0001061219
0001061894
0001065088
0001065280
0001065696
0001066119
0001067701
0001069157
0001069202
0001069878
0001070235
0001070412
0001070985
0001071739
0001073404
0001075531
0001076378
0001077428
0001089113
0001090012
0001090872
0001093557
0001094285
0001094972
0001095073
0001096343
0001097864
0001099219
0001099800
0001100682
0001101215
0001101239
0001101302
0001103982
0001104506
0001104657
0001107843
0001108426
0001108524
0001109138
0001109357
0001110646
0001110803
0001111711
0001113169
0001114446
0001114448
0001114995
0001116132
0001116578
0001116942
0001119639
0001120193
0001121404
0001121788
0001122411
0001122976
0001123134
0001123360
0001124198
0001125376
0001126328
0001126956
0001129137
0001130310
0001130464
0001131383
0001131399
0001133421
0001136869
0001137774
0001137789
0001138118
0001140625
0001140859
0001144215
0001144800
0001144879
0001145197
0001156039
0001157408
0001157601
0001158114
0001159036
0001159508
0001161125
0001163165
0001164727
0001164863
0001166003
0001167379
0001169561
0001169770
0001170010
0001170858
0001177394
0001177609
0001178670
0001178819
0001179929
0001190723
0001203464
0001207179
0001221029
0001222333
0001232384
0001243429
0001260221
0001261333
0001263043
0001264136
0001267238
0001269238
0001276187
0001278680
0001279495
0001280784
0001282637
0001283699
0001285785
0001286043
0001287032
0001287750
0001288469
0001289308
0001289419
0001289490
0001296774
0001297996
0001299709
0001300514
0001303523
0001306965
0001308648
0001309108
0001311370
0001316835
0001318220
0001318605
0001321732
0001322422
0001323404
0001324404
0001324948
0001326160
0001326380
0001327567
0001329394
0001330568
0001331284
0001331875
0001332174
0001333141
0001334036
0001334933
0001335258
0001336920
0001341335
0001341439
0001342338
0001342874
0001345105
0001350593
0001352010
0001355444
0001357615
0001360604
0001361113
0001361658
0001364479
0001368622
0001370637
0001372612
0001373715
0001374310
0001375365
0001376139
0001378789
0001381640
0001381668
0001383312
0001383395
0001385157
0001386716
0001388658
0001389170
0001390777
0001393052
0001393311
0001395942
0001396009
0001397187
0001403568
0001404655
0001405495
0001408198
0001408710
0001410384
0001410636
0001411207
0001413329
0001413447
0001418819
0001423689
0001423902
0001424182
0001425205
0001428336
0001429937
0001430162
0001433270
0001434588
0001437107
0001437578
0001438533
0001439288
0001441816
0001442145
0001443646
0001444406
0001445930
0001447669
0001448893
0001451809
0001456346
0001463101
0001466085
0001466258
0001466593
0001467858
0001468091
0001468522
0001468642
0001469395
0001472787
0001474432
0001474735
0001475260
0001475922
0001476150
0001476204
0001477049
0001477294
0001477641
0001478242
0001479094
0001483934
0001483994
0001492298
0001493594
0001494728
0001499494
0001501585
0001506307
0001511737
0001517175
0001517413
0001519751
0001521332
0001522727
0001527636
0001528396
0001529864
0001530950
0001531152
0001534701
0001535527
0001535929
0001543151
0001546066
0001551152
0001551182
0001552033
0001553846
0001555280
0001556593
0001561861
0001561894
0001563411
0001565025
0001567094
0001571123
0001571283
0001571949
0001573516
0001575965
0001576280
0001576789
0001579241
0001581068
0001581280
0001584207
0001584509
0001585689
0001587732
0001588823
0001590714
0001590717
0001590895
0001590955
0001591698
0001596532
0001600033
0001601046
0001601712
0001603923
0001604028
0001604481
0001604778
0001605484
0001607678
0001609253
0001610250
0001610520
0001611747
0001612042
0001613103
0001615903
0001616862
0001618181
0001618673
0001618732
0001622229
0001623925
0001624794
0001625101
0001625297
0001627272
0001633917
0001633978
0001635088
0001636282
0001637459
0001637810
0001639300
0001639920
0001640147
0001643918
0001645590
0001646972
0001648257
0001649313
0001650107
0001650729
0001651308
0001654126
0001655888
0001655891
0001659939
0001664703
0001665918
0001666175
0001666700
0001668397
0001668717
0001669162
0001670061
0001674101
0001674416
0001674910
0001679273
0001682852
0001691303
0001697862
0001698535
0001699150
0001701605
0001707753
0001707925
0001709048
0001709626
0001710366
0001711269
0001711279
0001711375
0001712356
0001713683
0001713748
0001717161
0001717393
0001718512
0001720635
0001722482
0001722684
0001723128
0001726122
0001728951
0001730168
0001735707
0001736297
0001739445
0001739940
0001743881
0001744489
0001744676
0001747777
0001748790
0001751788
0001755672
0001756607
0001757073
0001757898
0001759124
0001759509
0001764013
0001773383
0001781335
0001782999
0001783180
0001786352
0001786431
0001786842
0001786909
0001792580
0001795589
0001800667
0001801198
0001807794
0001810806
0001811074
0001815779
0001815846
0001818874
0001826168
0001828098
0001828316
0001829311
0001829726
0001835632
0001835963
0001841666
0001841675
0001843586
0001845338
0001846832
0001849853
0001853717
0001854640
0001856437
0001858985
0001860742
0001866175
0001868275
0001872195
0001877322
0001878057
0001878848
0001889109
0001889539
0001894693
0001895262
0001896084
0001921963
0001922641
0001932393
0001944013
0001944048
0001956827
0001964504
0001967680
0001973832
0001978867
0001980994
0001981792
0001985487
0001988894
0001990354
0001993004
0001995306
0001996810
0001997464
0002000638
0002001184
0002003292
0002007191
0002011286
0002011641
0002014596
0002019061
0002023554
0002030781
0002035989
0002058897
0002064953
0002071668
0002082866
0002089661